fixed,click,events=11,hash050=3359680539905038399,hash075=2677628856580091128
click,head,20,2048,0,2048,4334,0,0,0,3,45.1458,2167,2167,1405,2072,4334,1024,2167,256,542,applied
click,middle,20,143360,0,150528,300066,7168,1,0,148,46.9792,2254,2255,1435,2072,4643,1024,2322,256,581,applied
click,tail,20,276000,0,276480,551973,480,0,0,271,44.125,2119,2118,1389,2121,4643,1024,2322,256,581,applied
click,head,50,2048,0,2048,4334,0,0,0,4,74.8333,2167,2167,1405,2072,4334,1024,2167,256,542,applied
click,middle,50,143360,0,150528,300066,7168,1,0,149,77.0625,2254,2255,1434,2072,4643,1024,2322,256,581,applied
click,tail,50,276000,0,276480,551973,480,0,0,272,73.6458,2119,2118,1388,2121,4643,1024,2322,256,581,applied
click,head,100,2048,0,2048,4334,0,0,0,5,113.917,2167,2167,1405,2072,4334,1024,2167,256,542,applied
click,middle,100,143360,0,150528,300066,7168,1,0,150,116.958,2254,2255,1434,2072,4643,1024,2322,256,581,applied
click,tail,100,276000,0,276480,551973,480,0,0,273,112.208,2119,2118,1389,2121,4643,1024,2322,256,581,applied
click,before,50,141312,0,150528,300066,9216,1,0,149,77.0625,2254,2255,1434,2072,4643,1024,2322,256,581,applied
click,on,50,142336,0,150528,300066,8192,1,0,149,77.0625,2254,2255,1434,2072,4643,1024,2322,256,581,applied
click,after,50,143360,0,150528,300066,7168,1,0,149,77.0625,2254,2255,1434,2072,4643,1024,2322,256,581,applied
click,fifo_ahead,50,96000,208446,104448,208448,8448,0,0,104,77.0417,2255,2255,1434,2072,4643,1024,2322,256,581,applied
repeated,click,last_generation=2,latest_pending_wins=1,published_transition_immutable=1
fixed,mix,events=130,hash050=10537306494630407805,hash075=10761303240002377252
mix,head,20,2048,0,2048,4267,0,0,0,3,48.3673,2134,2133,1394,2072,4267,1024,2134,256,534,applied
mix,middle,20,991232,0,991232,1979977,0,0,0,969,56.3946,2389,2487,1512,2078,6007,1024,3072,256,768,applied
mix,tail,20,1973475,0,1978368,3954005,4893,1,0,1933,54.195,2298,2390,1479,2119,6007,1024,3072,256,768,applied
mix,head,50,2048,0,2048,4267,0,0,0,4,80.0227,2134,2133,1394,2072,4267,1024,2134,256,534,applied
mix,middle,50,991232,0,991232,1979977,0,0,0,969,56.3946,2389,2487,1512,2078,6007,1024,3072,256,768,applied
mix,tail,50,1973475,0,1978368,3954005,4893,1,0,1933,54.195,2298,2390,1479,2119,6007,1024,3072,256,768,applied
mix,head,100,2048,0,2048,4267,0,0,0,5,120.975,2134,2133,1394,2072,4267,1024,2134,256,534,applied
mix,middle,100,991232,0,991232,1979977,0,0,0,971,133.9,2389,2487,1511,2078,6007,1024,3072,256,768,applied
mix,tail,100,1973475,0,1978368,3954005,4893,1,0,1935,130.363,2298,2390,1479,2119,6007,1024,3072,256,768,applied
mix,before,50,1013760,0,1021952,2042217,8192,1,0,999,58.7528,2590,2591,1546,2078,6007,1024,3072,256,768,applied
mix,on,50,1014784,0,1021952,2042217,7168,1,0,999,58.7528,2590,2591,1546,2078,6007,1024,3072,256,768,applied
mix,after,50,1015808,0,1021952,2042217,6144,1,0,999,58.7528,2590,2591,1546,2078,6007,1024,3072,256,768,applied
mix,fifo_ahead,50,661500,1338364,697344,1392640,35844,3,0,682,56.3946,2487,2487,1512,2072,6007,1024,3072,256,768,applied
repeated,mix,last_generation=2,latest_pending_wins=1,published_transition_immutable=1
fixed,vocal,events=77,hash050=15331809143607642005,hash075=8561207837075532670
vocal,head,20,2048,0,2048,4224,0,0,0,3,44,2112,2112,1387,2071,4224,1024,2112,256,528,applied
vocal,middle,20,1079296,0,1079296,2156456,0,0,0,1055,48.1667,2311,2312,1453,2071,5647,1024,2886,256,722,applied
vocal,tail,20,2148000,0,2148352,4295003,352,0,0,2099,45.2083,2169,2170,1406,2119,5647,1024,3072,256,768,applied
vocal,head,50,2048,0,2048,4224,0,0,0,4,73.5,2112,2112,1386,2071,4224,1024,2112,256,528,applied
vocal,middle,50,1079296,0,1079296,2156456,0,0,0,1056,78.5,2311,2312,1453,2071,5647,1024,2886,256,722,applied
vocal,tail,50,2148000,0,2148352,4295003,352,0,0,2100,74.9167,2169,2170,1406,2119,5647,1024,3072,256,768,applied
vocal,head,100,2048,0,2048,4224,0,0,0,5,111.979,2112,2112,1387,2071,4224,1024,2112,256,528,applied
vocal,middle,100,1079296,0,1079296,2156456,0,0,0,1057,118.875,2311,2312,1453,2071,5647,1024,2886,256,722,applied
vocal,tail,100,2148000,0,2148352,4295003,352,0,0,2101,114.021,2169,2170,1406,2119,5647,1024,3072,256,768,applied
vocal,before,50,1069056,0,1076224,2149522,7168,1,0,1053,78.5,2225,2312,1453,2071,5647,1024,2886,256,722,applied
vocal,on,50,1070080,0,1076224,2149522,6144,1,0,1053,78.5,2225,2312,1453,2071,5647,1024,2886,256,722,applied
vocal,after,50,1071104,0,1076224,2149522,5120,1,0,1053,78.5,2225,2312,1453,2071,5647,1024,2886,256,722,applied
vocal,fifo_ahead,50,720000,1456006,729088,1458038,9088,0,0,714,72.5833,2075,2075,1374,2071,5647,1024,2886,256,722,applied
repeated,vocal,last_generation=2,latest_pending_wins=1,published_transition_immutable=1
fixed,bass,events=125,hash050=15442977185672678524,hash075=17850551911018472477
bass,head,20,2048,0,2048,4301,0,0,0,3,44.7917,2151,2150,1400,2073,4301,1024,2151,256,538,applied
bass,middle,20,1079296,0,1080320,2158251,1024,1,0,1056,49.7708,2390,2389,1479,2074,6007,1024,3072,256,768,applied
bass,tail,20,2148000,0,2151424,4301745,3424,1,0,2102,57.4375,2757,2757,1602,2122,6007,1024,3072,256,768,applied
bass,head,50,2048,0,2048,4301,0,0,0,4,74.4375,2151,2150,1399,2073,4301,1024,2151,256,538,applied
bass,middle,50,1079296,0,1080320,2158251,1024,1,0,1057,80.5833,2390,2389,1480,2074,6007,1024,3072,256,768,applied
bass,tail,50,2148000,0,unavailable
bass,head,100,2048,0,2048,4301,0,0,0,5,113.354,2151,2150,1400,2073,4301,1024,2151,256,538,applied
bass,middle,100,1079296,0,1080320,2158251,1024,1,0,1058,121.479,2390,2389,1479,2074,6007,1024,3072,256,768,applied
bass,tail,100,2148000,0,unavailable
bass,before,50,1159168,0,1190912,2379642,31744,4,0,1164,51.0208,2448,2449,1499,2074,6007,1024,3072,256,768,applied
bass,on,50,1160192,0,1190912,2379642,30720,4,0,1164,51.0208,2448,2449,1499,2074,6007,1024,3072,256,768,applied
bass,after,50,1161216,0,1190912,2379642,29696,4,0,1164,51.0208,2448,2449,1499,2074,6007,1024,3072,256,768,applied
bass,fifo_ahead,50,720000,1456937,752640,1502439,32640,2,0,737,79.3958,2257,2346,1464,2073,6007,1024,3072,256,768,applied
repeated,bass,last_generation=2,latest_pending_wins=1,published_transition_immutable=1
fixed,drums,events=32,hash050=10777341678714514184,hash075=1871340360324504193
drums,head,20,2048,0,2048,4389,0,0,0,3,45.7083,2195,2194,1414,2076,4389,1024,2195,256,549,applied
drums,middle,20,239616,0,239616,477050,0,0,0,235,51.0208,2448,2449,1499,2076,6007,1024,3072,256,768,applied
drums,tail,20,468000,0,468992,937806,992,0,0,459,51.0208,2449,2449,1499,2085,6007,1024,3072,256,768,applied
drums,head,50,2048,0,2048,4389,0,0,0,4,75.5,2195,2194,1414,2076,4389,1024,2195,256,549,applied
drums,middle,50,239616,0,239616,477050,0,0,0,235,51.0208,2448,2449,1499,2076,6007,1024,3072,256,768,applied
drums,tail,50,468000,0,480256,959209,12256,1,0,470,56.2292,2700,2699,1583,2131,6007,1024,3072,256,768,applied
drums,head,100,2048,0,14336,26090,12288,1,0,17,123.438,2354,2448,1499,2076,4446,1024,2448,256,612,applied
drums,middle,100,239616,0,239616,477050,0,0,0,237,123.438,2448,2449,1498,2076,6007,1024,3072,256,768,applied
drums,tail,100,468000,0,480256,959209,12256,1,1,471,98.6875,2700,2699,0,2131,6007,1024,3072,256,768,applied
drums,before,50,231424,0,239616,477050,8192,1,0,235,51.0208,2448,2449,1499,2076,6007,1024,3072,256,768,applied
drums,on,50,232448,0,239616,477050,7168,1,0,235,51.0208,2448,2449,1499,2076,6007,1024,3072,256,768,applied
drums,after,50,233472,0,239616,477050,6144,1,0,235,51.0208,2448,2449,1499,2076,6007,1024,3072,256,768,applied
drums,fifo_ahead,50,160000,334302,175104,347721,15104,1,0,172,51.8125,2389,2487,1511,2076,6007,1024,3072,256,768,applied
repeated,drums,last_generation=2,latest_pending_wins=1,published_transition_immutable=1
fixed,guitar,events=34,hash050=6367966047200831925,hash075=9383804043409920315
guitar,head,20,2048,0,2048,4216,0,0,0,3,43.9375,2108,2109,1386,2077,4216,1024,2109,256,528,applied
guitar,middle,20,239616,0,247808,493929,8192,1,0,243,53.9792,2590,2591,1546,2080,5325,1024,2705,256,677,applied
guitar,tail,20,468000,0,468992,936297,992,0,0,459,53.9792,2590,2591,1546,2093,6007,1024,3072,256,768,applied
guitar,head,50,2048,0,2048,4216,0,0,0,4,73.4167,2108,2109,1385,2077,4216,1024,2109,256,528,applied
guitar,middle,50,239616,0,247808,493929,8192,1,0,243,53.9792,2590,2591,1546,2080,5325,1024,2705,256,677,applied
guitar,tail,50,468000,0,unavailable
guitar,head,100,2048,0,2048,4216,0,0,0,5,111.875,2108,2109,1385,2077,4216,1024,2109,256,528,applied
guitar,middle,100,239616,0,274432,547255,34816,3,0,271,124.688,2487,2487,1511,2081,5325,1024,2705,256,677,applied
guitar,tail,100,468000,0,unavailable
guitar,before,50,265216,0,274432,547255,9216,1,0,269,51.8125,2487,2487,1511,2081,5325,1024,2705,256,677,applied
guitar,on,50,266240,0,274432,547255,8192,1,0,269,51.8125,2487,2487,1511,2081,5325,1024,2705,256,677,applied
guitar,after,50,267264,0,274432,547255,7168,1,0,269,51.8125,2487,2487,1511,2081,5325,1024,2705,256,677,applied
guitar,fifo_ahead,50,160000,334275,184320,365754,24320,2,0,182,78.9167,2240,2327,1458,2080,5181,1024,2705,256,677,applied
repeated,guitar,last_generation=2,latest_pending_wins=1,published_transition_immutable=1
